12359000
12587500
12292632
79762
12610229
3028576
12629000
12487500
6134500
31875
6155250
12616500
160
1216
240
1363060
2461536
12002946
656
1856600
12677500
12300
2070
322
283
110
81
12222000
12115000
12015000
7529950
12048000
50621
512300
3250250
12668000
1342041
737464
69991
205
336
483
9941120
9133948
13648
12293500
12394500
12423500
192
1006
4277100
444
37225
1536
768
1200
1818
74100
265674
6181000
792
1937
1048
12319500
24508
12501500
12970000
11797500
12766500
109393
250000
6677
4660
1905
290
12231000
12609500
12337000
3460
11909000
3073750
1563863
491849
227870
12001500
418655
87
7244809
2249856
9390345
12130500
12173500
12034500
12744500
12563500
12478500
12131500
12493000
12094000
38
95
51
11803000
84107
1325
12500000
12480500
166
3101750
11406530
731481
94
576
10920
467700
475400
456100
194
488
1623
12564000
12569500
12147500
58975
1076100
10277100
13093500
12351000
149732
9405382
81695
109862
12610000
12341000
12510000
314
40
274
12125500
1963200
4331700
4928
11883000
12266500
2322
5710128
422100
1653
20449
11773500
12702000
12562500
12843000
282880
5394
3908
11818500
12446500
12525000
2101050
10149660
141064
4200
6076
980
11072725
12101000
12847000
5659640
11957456
5884720
166860
380864
1329886
12461000
12456500
11906500
12060202
9535575
3002534
12452000
12478500
12111000
51801
5741240
8861156
322
1301
11226922
9948670
1156006
6609660
113
294
768
1028922
762318
787468
12781000
12634500
12052500
11970000
12619000
12157000
12373000
12695000
12660500
363
775
686
997
153
2
63
1314
6379
11994000
12370000
12322500
12633000
12402500
12718500
4922442
7352945
2053707
642
419
6330
39348
38599
40354
704
491400
12424500
503300
1145250
1913400
371
392
11945500
1938000
1922000
2009600
12377500
504400
4648500
12225206
10325826
5579280
515605
12348000
965536
232832
19475
8040
1130
467
2838
229
506900
12213000
494
11939000
11731500
12680000
12794000
12085500
7329780
9498721
10048952
515385
499718
497623
1045
204
187
90000
106506
12368500
612
425900
12189000
392
121
123900
12308500
242500
12554000
0
1512
27
531500
3154750
11615500
155839
481900
12470000
12723000
12194500
12567500
5270
1087800
12517914
191
130
128
13187589
12528500
123408
164
12723000
12205500
2350860
2908906
2812459
277429
121767
327726
1024
484400
6634000
12199000
12697000
12438000
14660
7042875
12171000
2542
824
1460
310349
237632
4913168
113890
7550000
93887
12510500
12715000
250000
26294
43517
55792
820247
963923
1546633
5340
12361000
12106000
170744
7319592
9367456
12375000
12375000
12375000
12706000
8834863
4983788
233772
1226148
516879
45120
12464500
46481
3073
470600
227891
12378500
496012
9547
2135
345
24477
463200
3137750
11695000
471500
3205500
12252000
6283500
6346000
6396703
569100
107600
292275
213
633
1984
2309
425
650
1060752
12806336
70200
30294
236214
8770410
624875
1207109
12634500
507000
509400
12187000
392
5687
1305
8339885
8339885
8339885
11495955
1993888
4037320
462
855
120
73705
11751500
2790584
12321000
11753500
12472000
687
2088
204
3218680
222222
4262375
12189000
11822000
12500000
12658500
12442500
12695500
8796247
8181909
8273354
20048
6028941
1528589
1590
17453
19920
12279000
12336500
12191500
9330
933660
1973000
6960783
5280977
6873669
6112
1040
12429890
14260
469300
12394500
2259198
6062335
1095200
315
131237
263971
12344500
12139500
12659000
4502700
7541600
12678000
915
503100
12485500
12375000
11375000
12424500
186
522000
12187000
130845
101083
9188288
498700
4273800
10176
8955660
8711640
8612520
12172813
12229000
665728
3110250
530300
10131750
5900
118350
2112400
10596293
11455859
11190599
4692
2576
11529500
2040
416431
14565
497
391
1719
12065000
13092263
248004
5960
536500
127050
508200
11956329
11996586
15158
4090
12570500
12523000
12465000
12324000
12844500
12932000
12358000
12655500
11775500
12152000
82517
84860
80093
121814
89936
9251415
12505000
12230500
12396500
12201500
11727000
12525000
12483000
12383500
12080500
126
995
231
57
5050
514200
12135500
154026
7101265
11908500
12148000
12730500
12613000
12155666
12223500
431344
13707
12278000
5439
7083
9377
5240
26862
527800
12992000
12972500
12987500
2503779
988356
930
12600000
11970500
12099500
172012
1261451
105496
12701000
9234714
467122
12558000
12924000
12264000
2904000
7037625
12256500
12147000
316788
12880000
482200
7767600
26600
12259000
12131500
12042500
435
180
106
